Lap	RaceNumber	Time	Gap
1	99	1'37.122
1	93	1'37.318	0.196
1	26	1'37.473	0.351
1	29	1'37.907	0.785
1	4	1'38.267	1.145
1	41	1'38.663	1.541
1	9	1'39.274	2.152
1	44	1'39.349	2.227
1	38	1'39.508	2.386
1	6	1'39.907	2.785
1	51	1'40.126	3.004
1	19	1'40.611	3.489
1	69	1'40.848	3.726
1	68	1'40.900	3.778
1	46	1'40.982	3.860
1	76	1'41.531	4.409
1	25	1'41.840	4.718
1	43	1'41.980	4.858
1	45	1'42.294	5.172
1	63	1'42.618	5.496
1	50	1'42.688	5.566
1	13	1'42.818	5.696
1	8	1'42.865	5.743
1	35	1'43.181	6.059
1	24	1'43.182	6.060
1	23	1'43.710	6.588

2	99	1'31.416
2	93	1'31.538	0.318
2	26	1'31.590	0.525
2	29	1'31.491	0.860
2	4	1'32.041	1.770
2	41	1'32.121	2.246
2	44	1'32.401	3.212
2	9	1'32.648	3.384
2	38	1'32.633	3.603
2	51	1'33.140	4.728
2	6	1'33.812	5.181
2	46	1'32.782	5.226
2	19	1'33.407	5.480
2	68	1'33.250	5.612
2	69	1'33.710	6.020
2	76	1'33.265	6.258
2	25	1'33.098	6.400
2	43	1'33.427	6.869
2	45	1'33.353	7.109
2	50	1'33.836	7.986
2	13	1'34.106	8.386
2	35	1'33.836	8.479
2	63	1'34.600	8.680
2	8	1'34.424	8.751
2	24	1'34.580	9.224
2	23	1'34.359	9.531

3	99	1'31.367
3	93	1'31.491	0.442
3	26	1'31.581	0.739
3	4	1'32.297	2.700
3	41	1'32.394	3.273
3	44	1'32.373	4.218
3	9	1'32.385	4.402
3	38	1'32.366	4.602
3	46	1'31.997	5.856
3	51	1'32.884	6.245
3	6	1'33.301	7.115
3	19	1'33.593	7.706
3	68	1'33.632	7.877
3	69	1'33.670	8.323
3	76	1'33.648	8.539
3	25	1'33.773	8.806
3	43	1'33.587	9.089
3	45	1'33.479	9.221
3	35	1'32.943	10.055
3	50	1'33.636	10.255
3	13	1'33.858	10.877
3	63	1'34.016	11.329
3	8	1'34.063	11.447
3	24	1'34.222	12.079
3	23	1'34.672	12.836

4	99	1'31.502
4	93	1'31.474	0.414
4	26	1'31.705	0.942
4	4	1'32.653	3.851
4	41	1'32.553	4.324
4	44	1'32.820	5.536
4	9	1'32.855	5.755
4	38	1'32.915	6.015
4	46	1'31.820	6.174
4	51	1'32.895	7.638
4	6	1'33.263	8.876
4	68	1'33.154	9.529
4	19	1'33.386	9.590
4	69	1'33.105	9.926
4	76	1'33.437	10.474
4	25	1'33.264	10.568
4	43	1'33.448	11.035
4	45	1'33.495	11.214
4	35	1'32.956	11.509
4	50	1'33.500	12.253
4	8	1'33.132	13.077
4	13	1'34.190	13.565
4	63	1'34.126	13.953
4	24	1'34.097	14.674
4	23	1'34.706	16.040

5	99	1'31.542
5	93	1'31.455	0.327
5	26	1'31.858	1.258
5	4	1'32.662	4.971
5	41	1'32.502	5.284
5	44	1'32.488	6.482
5	9	1'33.160	7.373
5	38	1'33.043	7.516
5	46	1'33.021	7.653
5	51	1'32.957	9.053
5	6	1'33.273	10.607
5	68	1'32.776	10.763
5	19	1'33.379	11.427
5	69	1'33.351	11.735
5	25	1'33.403	12.429
5	76	1'33.890	12.822
5	35	1'33.143	13.110
5	43	1'33.872	13.365
5	45	1'33.953	13.625
5	50	1'33.616	14.327
5	8	1'32.944	14.479
5	63	1'33.820	16.231
5	13	1'34.243	16.266
5	24	1'34.273	17.405
5	23	1'34.635	19.133

6	99	1'31.554
6	93	1'31.782	0.555
6	26	1'31.559	1.263
6	4	1'33.076	6.493
6	41	1'32.952	6.682
6	44	1'32.695	7.623
6	9	1'32.878	8.697
6	46	1'32.724	8.823
6	38	1'33.099	9.061
6	51	1'33.451	10.950
6	68	1'33.466	12.675
6	6	1'33.636	12.689
6	19	1'33.343	13.216
6	69	1'33.309	13.490
6	25	1'33.079	13.954
6	35	1'32.728	14.284
6	76	1'34.032	15.300
6	43	1'33.899	15.710
6	45	1'35.126	17.197
6	50	1'34.595	17.368
6	8	1'34.534	17.459
6	63	1'34.076	18.753
6	13	1'34.271	18.983
6	24	1'34.310	20.161
6	23	1'34.713	22.292

7	99	1'31.483
7	93	1'31.586	0.658
7	26	1'31.982	1.762
7	4	1'32.762	7.772
7	41	1'32.866	8.065
7	44	1'32.660	8.800
7	46	1'32.078	9.418
7	38	1'32.483	10.061
7	9	1'33.651	10.865
7	51	1'33.162	12.629
7	68	1'33.116	14.308
7	6	1'33.747	14.953
7	19	1'33.352	15.085
7	69	1'33.527	15.534
7	25	1'33.190	15.661
7	35	1'33.244	16.045
7	76	1'33.955	17.772
7	43	1'33.878	18.105
7	45	1'33.664	19.378
7	50	1'34.097	19.982
7	8	1'34.062	20.038
7	63	1'33.792	21.062
7	13	1'34.294	21.794
7	24	1'34.083	22.761
7	23	1'35.087	25.896

8	99	1'31.746
8	93	1'31.762	0.674
8	26	1'31.931	1.947
8	4	1'33.018	9.044
8	41	1'32.811	9.130
8	44	1'32.599	9.653
8	46	1'32.306	9.978
8	38	1'32.537	10.852
8	9	1'32.862	11.981
8	51	1'33.373	14.256
8	68	1'33.199	15.761
8	6	1'33.623	16.830
8	19	1'33.625	16.964
8	69	1'33.391	17.179
8	25	1'33.332	17.247
8	35	1'33.120	17.419
8	76	1'33.550	19.576
8	43	1'33.787	20.146
8	45	1'33.532	21.164
8	8	1'33.151	21.443
8	50	1'33.818	22.054
8	63	1'34.162	23.478
8	13	1'34.107	24.155
8	24	1'33.759	24.774
8	23	1'35.131	29.281

9	99	1'31.700
9	93	1'31.691	0.665
9	26	1'31.983	2.230
9	4	1'32.528	9.872
9	41	1'32.904	10.334
9	44	1'32.545	10.498
9	46	1'32.362	10.640
9	38	1'32.564	11.716
9	9	1'32.937	13.218
9	51	1'33.272	15.828
9	68	1'33.006	17.067
9	6	1'33.533	18.663
9	19	1'33.731	18.995
9	25	1'33.550	19.097
9	35	1'33.480	19.199
9	69	1'34.219	19.698
9	76	1'33.530	21.406
9	43	1'33.641	22.087
9	45	1'33.399	22.863
9	8	1'33.469	23.212
9	50	1'33.548	23.902
9	63	1'33.977	25.755
9	24	1'33.805	26.879
9	13	1'34.723	27.178
9	23	1'35.151	32.732

10	99	1'31.780
10	93	1'31.785	0.670
10	26	1'31.759	2.209
10	4	1'32.706	10.798
10	41	1'32.628	11.182
10	46	1'32.506	11.366
10	44	1'33.286	12.004
10	38	1'32.566	12.502
10	9	1'33.113	14.551
10	51	1'33.376	17.424
10	68	1'33.109	18.396
10	25	1'33.143	20.460
10	6	1'33.583	20.466
10	35	1'33.139	20.558
10	19	1'34.090	21.305
10	69	1'33.678	21.596
10	76	1'33.606	23.232
10	43	1'33.508	23.815
10	45	1'33.503	24.586
10	8	1'33.424	24.856
10	50	1'33.846	25.968
10	63	1'34.505	28.480
10	24	1'34.068	29.167
10	13	1'33.980	29.378
10	23	1'35.017	35.969

11	99	1'31.853
11	93	1'31.716	0.533
11	26	1'31.478	1.834
11	4	1'32.480	11.425
11	41	1'32.518	11.847
11	46	1'32.455	11.968
11	44	1'32.472	12.623
11	38	1'32.592	13.241
11	9	1'33.056	15.754
11	51	1'33.240	18.811
11	68	1'33.104	19.647
11	35	1'32.931	21.636
11	25	1'33.532	22.139
11	6	1'33.986	22.599
11	19	1'33.624	23.076
11	69	1'33.551	23.294
11	76	1'33.572	24.951
11	43	1'34.011	25.973
11	45	1'33.578	26.311
11	8	1'33.580	26.583
11	50	1'33.559	27.674
11	63	1'34.448	31.075
11	24	1'33.821	31.135
11	13	1'33.929	31.454
11	23	1'35.234	39.350

12 	99	1'31.773
12	93	1'31.712	0.472
12	26	1'31.731	1.792
12	4	1'32.877	12.529
12	46	1'32.580	12.775
12	41	1'33.094	13.168
12	44	1'32.534	13.384
12	38	1'32.851	14.319
12	9	1'32.987	16.968
12	51	1'33.248	20.286
12	68	1'33.101	20.975
12	35	1'32.773	22.636
12	25	1'32.869	23.235
12	6	1'33.479	24.305
12	19	1'33.312	24.615
12	69	1'33.589	25.110
12	76	1'33.518	26.696
12	43	1'33.605	27.805
12	45	1'33.915	28.453
12	8	1'33.755	28.565
12	50	1'33.717	29.618
12	24	1'33.652	33.014
12	63	1'34.108	33.410
12	13	1'33.966	33.647
12	23	1'35.027	42.604

13	99	1'31.802
13 	93	1'31.788	0.458
13	26	1'31.776	1.766
13	46	1'32.111	13.084
13	4	1'33.069	13.796
13	41	1'32.506	13.872
13	44	1'32.574	14.156
13	38	1'32.523	15.040
13	9	1'33.000	18.166
13	51	1'33.224	21.708
13	68	1'33.239	22.412
13	35	1'32.626	23.460
13	25	1'32.826	24.259
13	6	1'33.620	26.123
13	19	1'33.524	26.337
13	69	1'33.525	26.833
13	76	1'33.440	28.334
13	43	1'33.656	29.659
13	8	1'33.095	29.858
13	45	1'34.091	30.742
13	50	1'33.842	31.658
13	24	1'33.515	34.727
13	63	1'33.620	35.228
13	13	1'33.722	35.567
13	23	1'35.005	45.807

14	99	1'31.789
14 	93	1'31.698	0.367
14	26	1'31.672	1.649
14	46	1'32.108	13.403
14	4	1'32.738	14.745
14	44	1'32.636	15.003
14	41	1'32.926	15.009
14	38	1'32.423	15.674
14	9	1'33.019	19.396
14	51	1'33.056	22.975
14	68	1'33.112	23.735
14	35	1'32.646	24.317
14	25	1'32.700	25.170
14	6	1'33.704	28.038
14	19	1'33.732	28.280
14	69	1'33.442	28.486
14	76	1'33.490	30.035
14	8	1'33.846	31.915
14	43	1'34.547	32.417
14	45	1'33.999	32.952
14	50	1'33.962	33.831
14	24	1'33.757	36.695
14	63	1'33.689	37.128
14	13	1'33.919	37.697
14	23	1'34.971	48.989

15	99	1'31.738
15 	93	1'31.733	0.362
15	26	1'31.970	1.881
15	46	1'32.184	13.849
15	4	1'32.448	15.455
15	44	1'32.454	15.719
15	41	1'32.871	16.142
15	38	1'32.338	16.274
15	9	1'33.022	20.680
15	51	1'33.085	24.322
15	35	1'32.530	25.109
15	68	1'33.505	25.502
15	25	1'32.785	26.217
15	6	1'33.517	29.817
15	19	1'33.553	30.095
15	69	1'33.685	30.433
15	76	1'33.513	31.810
15	8	1'33.370	33.547
15	43	1'33.708	34.387
15	45	1'34.109	35.323
15	50	1'33.928	36.021
15	24	1'33.535	38.492
15	63	1'33.567	38.957
15	13	1'33.871	39.830
15	23	1'34.860	52.111

16	99	1'31.705
16 	93	1'31.667	0.324
16	26	1'31.934	2.110
16	46	1'32.132	14.276
16	4	1'32.762	16.512
16	44	1'32.626	16.640
16	41	1'32.831	17.268
16	38	1'32.866	17.435
16	9	1'33.105	22.080
16	51	1'33.249	25.866
16	35	1'32.531	25.935
16	68	1'33.079	26.876
16	25	1'32.850	27.362
16	19	1'33.605	31.995
16	6	1'34.017	32.129
16	69	1'33.466	32.194
16	76	1'33.451	33.556
16	8	1'33.021	34.863
16	43	1'33.605	36.287
16	45	1'33.461	37.079
16	50	1'33.990	38.306
16	24	1'33.537	40.324
16	63	1'33.645	40.897
16	13	1'34.144	42.269
16	23	1'34.609	55.015

17	99	1'31.558
17 	93	1'31.627	0.393
17	26	1'32.084	2.636
17	46	1'32.184	14.902
17	44	1'32.712	17.794
17	4	1'32.852	17.806
17	41	1'32.749	18.459
17	38	1'32.624	18.501
17	9	1'33.146	23.668
17	35	1'32.891	27.268
17	51	1'33.165	27.473
17	68	1'33.290	28.608
17	25	1'33.020	28.824
17	19	1'33.747	34.184
17	6	1'33.785	34.356
17	69	1'33.936	34.572
17	76	1'33.754	35.752
17	8	1'33.196	36.501
17	43	1'33.518	38.247
17	45	1'33.159	38.680
17	50	1'33.947	40.695
17	24	1'33.510	42.276
17	63	1'33.595	42.934
17	13	1'34.537	45.248
17	23	1'34.629	58.086

18	99	1'31.864
18 	93	1'31.783	0.312
18	26	1'31.840	2.612
18	46	1'32.171	15.209
18	44	1'32.764	18.694
18	4	1'32.968	18.910
18	38	1'32.682	19.319
18	41	1'33.783	20.378
18	9	1'33.003	24.807
18	35	1'32.535	27.939
18	51	1'33.263	28.872
18	25	1'33.562	30.522
18	68	1'33.781	30.525
18	19	1'33.557	35.877
18	6	1'33.572	36.064
18	69	1'33.709	36.417
18	76	1'33.458	37.346
18	8	1'33.359	37.996
18	43	1'33.700	40.083
18	45	1'33.359	40.175
18	50	1'34.114	42.945
18	24	1'33.436	43.848
18	63	1'33.998	45.068
18	13	1'34.780	48.164
18	23	1'34.792	1'01.014

19	99	1'31.571
19 	93	1'31.681	0.422
19	26	1'31.806	2.847
19	46	1'32.237	15.875
19	44	1'32.492	19.615
19	4	1'32.442	19.781
19	38	1'32.477	20.225
19	41	1'32.685	21.492
19	9	1'33.268	26.504
19	35	1'32.449	28.817
19	51	1'33.408	30.709
19	25	1'33.014	31.965
19	68	1'33.944	32.898
19	19	1'33.407	37.713
19	6	1'33.573	38.066
19	69	1'33.456	38.302
19	76	1'33.422	39.197
19	8	1'33.323	39.748
19	45	1'33.170	41.774
19	43	1'33.982	42.494
19	50	1'34.185	45.559
19	24	1'33.636	45.913
19	63	1'34.158	47.655
19	13	1'34.877	51.470
19	23	1'34.606	1'04.049

20	99	1'31.872
20 	93	1'31.903	0.453
20	26	1'31.974	2.949
20	46	1'32.213	16.216
20	44	1'32.611	20.354
20	4	1'32.631	20.540
20	38	1'32.569	20.922
20	41	1'32.801	22.421
20	9	1'33.207	27.839
20	35	1'32.350	29.295
20	51	1'33.574	32.411
20	25	1'32.719	32.812
20	68	1'33.648	34.674
20	19	1'33.657	39.498
20	6	1'33.495	39.689
20	69	1'33.595	40.025
20	76	1'33.604	40.929
20	8	1'33.450	41.326
20	45	1'33.143	43.045
20	43	1'33.866	44.488
20	24	1'33.879	47.920
20	50	1'34.686	48.373
20	63	1'34.691	50.474
20	13	1'35.166	54.764
20	23	1'34.790	1'06.967

21	99	1'32.035
21	93	1'31.893	0.311
21	26	1'31.805	2.719
21	46	1'32.155	16.336
21	44	1'32.364	20.683
21	4	1'32.684	21.189
21	38	1'32.719	21.606
21	41	1'32.962	23.348
21	9	1'33.136	28.940
21	35	1'32.353	29.613
21	51	1'33.472	33.848
21	25	1'33.116	33.893
21	68	1'33.653	36.292
21	19	1'33.649	41.112
21	6	1'33.651	41.305
21	69	1'33.665	41.655
21	76	1'33.558	42.452
21	8	1'33.622	42.913
21	45	1'32.942	43.952
21	43	1'34.310	46.763
21	24	1'33.561	49.446
21	50	1'34.304	50.642
21	63	1'34.460	52.899
21	13	1'35.166	57.895
21	23	1'40.606	1'15.538

22	99	1'31.958
22	93	1'31.972	0.325
22	26	1'31.809	2.570
22	46	1'32.238	16.616
22	44	1'32.538	21.263
22	4	1'32.635	21.866
22	38	1'32.626	22.274
22	41	1'33.215	24.605
22	9	1'33.142	30.124
22	35	1'32.713	30.368
22	25	1'32.911	34.846
22	51	1'33.590	35.480
22	68	1'33.862	38.196
22	19	1'33.663	42.817
22	6	1'33.666	43.013
22	69	1'33.656	43.353
22	76	1'33.648	44.142
22	8	1'33.294	44.249
22	45	1'33.097	45.091
22	43	1'33.871	48.676
22	24	1'33.507	50.995
22	50	1'34.293	52.977
22	63	1'34.550	55.491
22	13	1'35.045	1'00.982

23	99	1'32.073
23	93	1'32.058	0.310
23 	26	1'31.841	2.338
23	46	1'32.311	16.854
23	44	1'32.655	21.845
23	4	1'32.538	22.331
23	38	1'32.482	22.683
23	41	1'33.220	25.752
23	35	1'33.083	31.378
23	9	1'33.630	31.681
23	25	1'32.591	35.364
23	51	1'33.357	36.764
23	68	1'33.716	39.839
23	19	1'33.706	44.450
23	6	1'33.646	44.586
23	69	1'33.808	45.088
23	8	1'33.519	45.695
23	76	1'34.258	46.327
23	45	1'33.386	46.404
23	43	1'34.047	50.650
23	24	1'33.435	52.357
23	63	1'34.680	58.098
23	50	1'42.188	1'03.092
23	13	1'35.420	1'04.329

24	99	1'31.831
24 	93	1'31.905	0.384
24	26	1'31.507	2.014
24	46	1'32.483	17.506
24	44	1'32.236	22.250
24	4	1'32.619	23.119
24	38	1'32.720	23.572
24	41	1'33.309	27.230
24	35	1'32.240	31.787
24	9	1'33.250	33.100
24	25	1'32.531	36.064
24	51	1'33.341	38.274
24	68	1'33.862	41.870
24	19	1'33.554	46.173
24	6	1'33.752	46.507
24	69	1'33.525	46.782
24	8	1'33.629	47.493
24	45	1'33.278	47.851
24	76	1'34.397	48.893
24	43	1'34.209	53.028
24	24	1'33.565	54.091
24	63	1'34.664	1'00.931
24	13	1'35.004	1'07.502

25	99	1'31.865
25	93	1'31.781	0.300
25	26	1'31.610	1.759
25	46	1'32.288	17.929
25	44	1'32.280	22.665
25	4	1'33.192	24.446
25	38	1'32.972	24.679
25	41	1'32.968	28.333
25	35	1'32.895	32.817
25	9	1'33.186	34.421
25	25	1'32.632	36.831
25	51	1'33.562	39.971
25	68	1'33.744	43.749
25	19	1'33.629	47.937
25	6	1'33.533	48.175
25	69	1'33.694	48.611
25	8	1'33.424	49.052
25	45	1'33.546	49.532
25	76	1'34.529	51.557
25	43	1'34.108	55.271
25	24	1'33.585	55.811
25	13	1'35.327	1'10.964

26	99	1'32.097
26	93	1'32.087	0.290
26	26	1'31.898	1.560
26	46	1'32.549	18.381
26	44	1'32.612	23.180
26	38	1'33.002	25.584
26 	4	1'33.482	25.831
26	41	1'33.207	29.443
26	35	1'33.491	34.211
26	9	1'33.235	35.559
26	25	1'32.689	37.423
26	51	1'33.623	41.497
26	68	1'34.197	45.849
26	19	1'33.582	49.422
26	6	1'34.177	50.255
26	69	1'34.029	50.543
26	8	1'33.764	50.719
26	45	1'33.625	51.060
26	76	1'34.689	54.149
26	43	1'34.086	57.260
26	24	1'33.774	57.488
26	13	1'35.331	1'14.198

27	99	1'32.111
27	93	1'32.025	0.204
27	26	1'31.698	1.147
27	46	1'32.440	18.710
27	44	1'33.038	24.107
27	38	1'32.721	26.194
27	4	1'32.769	26.489
27	41	1'33.307	30.639
27	35	1'32.648	34.748
27	9	1'33.227	36.675
27	25	1'32.603	37.915
27	51	1'33.514	42.900
27	68	1'34.306	48.044
27	19	1'33.908	51.219
27	6	1'34.031	52.175
27	69	1'33.999	52.431
27	8	1'33.918	52.526
27	45	1'33.941	52.890
27	76	1'34.579	56.617
27	43	1'34.468	59.617
27	24	1'34.295	59.672
27	13	1'35.180	1'17.267

28	99	1'32.331
28	93	1'32.339	0.212
28	26	1'31.693	0.509
28	46	1'32.490	18.869
28	44	1'33.032	24.808
28	38	1'32.886	26.749
28	4	1'32.671	26.829
28	41	1'33.411	31.719
28	35	1'32.416	34.833
28	9	1'32.999	37.343
28	25	1'32.381	37.965
28	51	1'33.439	44.008
28	68	1'33.988	49.701
28	19	1'33.729	52.617
28	6	1'34.150	53.994
28	8	1'33.870	54.065
28	69	1'34.335	54.435
28	45	1'33.927	54.486
28	76	1'34.447	58.733
28	24	1'34.055	1'01.396
28	43	1'34.177	1'01.463
28	13	1'35.377	1'20.313

29	99	1'32.282
29	93	1'32.432	0.362
29	26	1'32.357	0.584
29	46	1'32.453	19.040
29	44	1'32.778	25.304
29	4	1'32.916	27.463
29	38	1'33.265	27.732
29	41	1'33.372	32.809
29	35	1'32.675	35.226
29	9	1'33.097	38.158
29	25	1'32.766	38.449
29	51	1'33.503	45.229
29	68	1'34.265	51.684
29	19	1'34.022	54.357
29	8	1'33.574	55.357
29	45	1'33.441	55.645
29	6	1'34.483	56.195
29	69	1'34.348	56.501
29	76	1'34.765	1'01.216
29	24	1'33.594	1'02.708
29	43	1'34.001	1'03.182
29	13	1'35.508	1'23.539

30	99	1'32.044
30	93	1'31.945	0.263
30	26	1'32.114	0.654
30	46	1'32.793	19.789
30	44	1'32.744	26.004
30	38	1'33.147	28.835
30	4	1'33.467	28.886
30	41	1'33.457	34.222
30	35	1'32.742	35.924
30	9	1'33.465	39.579
30	25	1'33.341	39.746
30	51	1'33.868	47.053
30	68	1'34.441	54.081
30	19	1'34.333	56.646
30	45	1'33.677	57.278
30	8	1'34.050	57.363
30	69	1'34.285	58.742
30	6	1'34.935	59.086
30	76	1'35.167	1'04.339
30	24	1'33.749	1'04.413
30	43	1'34.074	1'05.212
30	13	1'35.786	1'27.281
